a
4
179
52772
3
7
0
7
5
6
4
4
1
6
4
7
0
0
0
3
7
0
0
0
2
4
0
0
9
0
0
0
0
0
0
0
0
0
0
3
9
0
0
0
0
0
0
0
3
6
4
9
5
0
2
0
0
8
0
0
0
0
0
8
4
5
2
0
0
0
6
0
0
0
8
7
1
0
0
0
0
9
9
1
3
0
0
8
2
9
0
0
0
0
0
0
0
0
0
0
0
0
0
4
7
5
6
0
0
0
2
2
0
0
0
7
3
0
0
7
2
0
0
0
6
9
3
3
2
7
0
0
3
9
0
0
0
0
0
0
0
0
0
0
4
7
5
9
3
0
4
0
2
0
7
0
3
8
4
7
0
0
0
9
6
3
8
6
7
0
0
0
6
8
5
0
1
0
7
7
0
0
small.c:f1
79662875692823640
7
5213
11814
446
0
0
0
0
small.c:f2
267194568611675223
243
60
18009
3
1
3
7
8
9
0
9
7
0
0
9
0
6
0
0
0
0
0
6
2
1
0
7
4
3
0
0
0
0
0
0
0
0
0
0
8076
51393
7
0
41218
56438
0
2
2
9
0
0
3
7
2
8
1
7
1
9
0
2
4
4
2
9
7
7
6
0
0
0
2
6
0
0
0
0
0
3
3
7
0
1
0
0
0
0
5
7
7
0
0
9
4
7
1
9
8
0
0
0
0
0
0
0
0
0
8
1
7
8
0
0
0
0
0
0
0
0
2
0
0
0
0
0
0
0
0
8
8
1
9
9
8
0
5
4
3
7
3
9
6
0
8
0
5
7
0
0
0
0
0
0
5
0
5
6
4
0
0
0
2
4
7
0
0
0
0
0
0
6
8
5
0
0
0
0
0
0
8
1
5
5
3
5
0
0
0
0
1
8
4
5
0
0
0
3
5
8
4
4
6
7
0
6
9
2
0
0
0
0
5
4
0
0
0
0
0
0
0
0
5
5
8
5
8
2
0
1
0
4
0
3
3
5
0
0
0
0
0
7
4
1
0
small.c:safe_mod_func_uint8_t_u_u
99167
2
996
0
